With SNOW
===================================================
Coefficients: 
[[1]]
[]
[]
[]
[]
[[1 0 1 1 0 0 1 1] [0 0 0 0 0 0 1] [1 1 1 1] [0 0 0 1 1]]
[]
[]
[]
[]
[]
[]
[]
[]
[[1]]
[]
[[] [1]]
Length: 17
===================================================
With AES
===================================================
Coefficients: 
[[1]]
[[0 1 0 1 1 0 1 1] [1 0 0 0 0 1 1 1] [1 0 0 0 0 0 0 1] [1 1 1 1 0 1 0 1] [0 1 1 1 1]]
[[1 1 0 1 1 0 0 1] [0 1 1 0 0 1] [1 0 1 1 1 1 1 1] [0 0 1] [0 0 1 0 0 1 0 1]]
[[1 0 0 0 0 1 1 1] [1 0 0 0 0 1 1] [0 0 1 1 1] [0 1 1 0 1 1 1] [0 0 1 0 1 1]]
[[0 0 1 1 0 0 0 1] [1 1 1 1 1 0 1] [1 0 0 1 0 1 1] [1 0 1 1 0 1 1] [0 1 1 1 0 0 1 1]]
[[1 0 1 1 0 1 1] [0 0 1 0 0 0 1 1] [0 0 1 0 1 0 1 1] [0 0 1 0 1 0 0 1] [1 0 1]]
[[1 1 1 1 0 1 1] [1 0 1 1 0 1] [0 0 1 0 1 0 1 1] [1 1 0 0 1 1 1 1] [0 0 1 0 0 1 1 1]]
[[1 0 1 1 0 0 1 1] [1 0 1 1 0 0 0 1] [1 0 0 1 1 0 0 1] [0 1 0 0 1 0 0 1] [1 1 0 0 0 0 1]]
[[0 0 1 1 1 0 1] [1 0 1 0 1 1 0 1] [0 1 1 1 1 0 1 1] [0 0 1 0 0 0 1 1] [0 0 0 1 1 0 0 1]]
[[1 0 0 1 1 1 1] [0 1 1 0 1 1 1] [1 0 0 1 1 0 0 1] [0 0 0 1 1 1 0 1] [1 1 0 0 0 1 1 1]]
[[0 0 1 0 1 1 1 1] [1 0 0 0 1 1 1 1] [0 0 0 0 1 1 0 1] [0 1 1 0 1 1 1 1] [1 0 0 1 0 1 1 1]]
[[1 1 1 1 1 0 1 1] [0 1 1 0 1 1 0 1] [0 1 0 1 0 0 1] [0 0 0 1 1 0 1] [1 1 0 1 1 0 1 1]]
[[0 1 0 0 0 0 1 1] [0 1 1 1 1 0 1] [1 0 0 1 0 0 0 1] [1 0 0 0 0 1 1] [1 0 0 0 0 0 0 1]]
[[0 0 0 0 1 0 0 1] [0 1 1 0 0 1] [1 0 1 0 1 1 1 1] [1 1 1 1 1] [0 0 1 0 0 1 1 1]]
[[0 0 1 1 1 1 0 1] [1 1 1 0 1] [1 0 1 0 1 1 1 1] [1 0 1 1 0 1] [1 0 1 1 1 0 0 1]]
[[1 1 1 0 0 0 1] [0 1 1 0 0 0 1] [1 1 0 1 1 0 0 1] [0 1 0 0 0 1 1] [0 1 1 1 0 0 1 1]]
[[0 1 0 0 1 0 1 1] [0 1 1 1 0 0 1] [0 0 1 0 0 1 0 1] [0 0 1 0 1 1] [0 0 0 1 0 1]]
[[1 1 1 1 1 0 1 1] [0 0 1 0 0 1] [0 0 1 1 1 1 1 1] [1 0 1 1 0 1 1 1] [1 0 1 0 1 1]]
[[0 1 0 1 0 0 1] [0 1 1] [1 1 0 1 0 1 1] [1 1 0 0 1 0 1 1] [0 1 0 1 0 0 0 1]]
[[1 1 0 1 0 1 1] [0 1 1 0 1] [0 1 1 1 0 0 0 1] [1 1 1 0 1 1 1] [1 1 0 1 1 1 1]]
[[1 0 0 0 0 1] [0 0 1 1 1 0 1] [1 0 1 0 1 0 1 1] [0 0 1 1 0 1 1] [0 1 1 0 1 0 1 1]]
[[0 0 0 0 0 1] [0 0 0 1 0 0 0 1] [1 1 1 0 1 1] [1 1 0 1 1 1 1] [0 1 1 1 1]]
[[1 1 0 1 1 1 1 1] [0 0 0 1 0 1 1] [1 1 1 1 0 1 1 1] [1 1 1 1 0 0 1 1] [0 0 1 0 1 1 0 1]]
[[0 1 0 1 0 0 0 1] [0 0 1 1 1 1] [0 1 0 1 1 1 1] [0 1 0 1] [0 0 1 1 0 1 1 1]]
[[1 0 0 1 1 0 0 1] [1 0 1 0 1 1 1 1] [0 1 0 1 1 0 1 1] [1 0 0 1 0 0 1 1] [1 1 0 1 1 0 0 1]]
Length: 25
===================================================
